0.000000000000000000e+00
0.000000000000000000e+00
0.000000000000000000e+00
0.000000000000000000e+00
0.000000000000000000e+00
0.000000000000000000e+00
0.000000000000000000e+00
0.000000000000000000e+00
0.000000000000000000e+00
0.000000000000000000e+00
6.132641064314938313e-18
1.263286183219169147e-16
8.398456020966352368e-16
3.433845250716009643e-15
1.064270165131257665e-14
2.755441286118128201e-14
6.287209446590557012e-14
1.306467637233211922e-13
2.526325647327821822e-13
4.614588883590782587e-13
8.048671702821236447e-13
1.351325260000618597e-12
2.197410976501294625e-12
3.477450672768443893e-12
5.376010158880551195e-12
8.143965894462737201e-12
1.211903542780092464e-11
1.775181872665324228e-11
2.563859687980203876e-11
3.656235151570875241e-11
5.154370618050368024e-11
7.190374779459241377e-11
9.934095891882191059e-11
1.360247753323483838e-10
1.847085723637376340e-10
2.488651700851049744e-10
3.328482230273680021e-10
4.420831143648344856e-10
5.832911963332619198e-10
7.647513959995520045e-10
9.966033260344080468e-10
1.291196091607652820e-09
1.663486955357822609e-09
2.131493902289973478e-09
2.716805927040211402e-09
3.445154541341744234e-09
4.347049566943381257e-09
5.458481739424693248e-09
6.821694005971181796e-09
8.486022663938781254e-09
1.050880866973491911e-08
1.295637856581276120e-08
1.590509354748714609e-08
1.944246424371941902e-08
2.366832784188041830e-08
2.869608327175285353e-08
3.465397930467343365e-08
4.168644964468368581e-08
4.995548841267827980e-08
5.964205887151854979e-08
7.094752782565502601e-08
8.409511786406296871e-08
9.933136950623054427e-08
1.169276053582246691e-07
1.371813885849129047e-07
1.604179683456914212e-07
1.869917053105763560e-07
2.172874709535513536e-07
2.517220149900695815e-07
2.907452960631496039e-07
3.348417715642225342e-07
3.845316432775627381e-07
4.403720563384972477e-07
5.029582497752209112e-07
5.729246576439558749e-07
6.509459604523518556e-07
7.377380871846262193e-07
8.340591687855997568e-07
9.407104444243938212e-07
1.058537122240178618e-06
1.188429196572949130e-06
1.331322223905157728e-06
1.488198059890521153e-06
1.660085559931300465e-06
1.848061245792683776e-06
2.053249940721042712e-06
2.276825375470415621e-06
2.520010767547029337e-06
2.784079375862905910e-06
3.070355032854023726e-06
3.380212655972412571e-06
3.715078740310631308e-06
4.076431833965772792e-06
4.465802997602316075e-06
4.884776249531405537e-06
5.334988997490688261e-06
5.818132458184839572e-06
6.335952065533377554e-06
6.890247868469142866e-06
7.482874919038325845e-06
8.115743651470224538e-06
8.790820252811965737e-06
9.510127025658928000e-06
1.027574274345531608e-05
1.108980299879008118e-05
1.195450054506601545e-05
1.287208563183089362e-05
1.384486633406627975e-05
1.487520887579441485e-05
1.596553794828213554e-05
1.711833702308053273e-05
1.833614866011695364e-05
1.962157481103890983e-05
2.097727711799466464e-05
2.240597720802286458e-05
2.391045698321190853e-05
2.549355890678019947e-05
2.715818628521869584e-05
2.890730354662940745e-05
3.074393651538568809e-05
3.267117268323329910e-05
3.469216147694478402e-05
3.681011452263410760e-05
3.902830590683261346e-05
4.135007243442274022e-05
4.377881388352113161e-05
4.631799325739837801e-05
4.897113703351845980e-05
5.174183540977755409e-05
5.463374254801801791e-05
5.765057681488983002e-05
6.079612102012939544e-05
6.407422265232188283e-05
6.748879411221081872e-05
7.104381294361645355e-05
7.474332206202116181e-05
7.859142998087851901e-05
8.259231103570032666e-05
8.675020560597349821e-05
9.106942033495713993e-05
9.555432834740816876e-05
1.002093694652819657e-04
1.050390504214528695e-04
1.100479450714982580e-04
1.152406946035873904e-04
1.206220077465156666e-04
1.261966609759236483e-04
1.319694987187376765e-04
1.379454335558696128e-04
1.441294464232097073e-04
1.505265868109480882e-04
1.571419729612566116e-04
1.639807920643639248e-04
1.710483004530546404e-04
1.783498237956220327e-04
1.858907572873044766e-04
1.936765658402328169e-04
2.017127842719168280e-04
2.100050174922972219e-04
2.185589406893890044e-04
2.273802995135410930e-04
2.364749102603370761e-04
2.458486600521609939e-04
2.555075070184495553e-04
2.654574804746564565e-04
2.757046810999468295e-04
2.862552811136462663e-04
2.971155244504631232e-04
3.082917269345054087e-04
3.197902764521106875e-04
3.316176331235098701e-04
3.437803294733413149e-04
3.562849706000358963e-04
3.691382343440876212e-04
3.823468714552314242e-04
3.959177057585393624e-04
4.098576343194577074e-04
4.241736276077955601e-04
4.388727296606847734e-04
4.539620582445237618e-04
4.694488050159213504e-04
4.853402356816557896e-04
5.016436901576608060e-04
5.183665827270562011e-04
5.355164021972332955e-04
5.531007120560091535e-04
5.711271506268668233e-04
5.896034312232857708e-04
6.085373423021839170e-04
6.279367476164780023e-04
6.478095863667752887e-04
6.681638733522099341e-04
6.890076991204328221e-04
7.103492301167678566e-04
7.321967088325464319e-04
7.545584539526262570e-04
7.774428605021129661e-04
8.008583999922852742e-04
8.248136205657420009e-04
8.493171471407767086e-04
8.743776815549885199e-04
9.000040027081431014e-04
9.262049667042883665e-04
9.529895069931373659e-04
9.803666345107250879e-04
1.008345437819349252e-03
1.036935083246803011e-03
1.066144815024909964e-03
1.095983955427364204e-03
1.126461904906891865e-03
1.157588142231734613e-03
1.189372224621467865e-03
1.221823787882157222e-03
1.254952546540865884e-03
1.288768293979514375e-03
1.323280902568107088e-03
1.358500323797322837e-03
1.394436588410489153e-03
1.431099806534935105e-03
1.468500167812736117e-03
1.506647941530858551e-03
1.545553476750704093e-03
1.585227202437066276e-03
1.625679627586505216e-03
1.666921341355141663e-03
1.708963013185882483e-03
1.751815392935079539e-03
1.795489310998631518e-03
1.839995678437529114e-03
1.885345487102854656e-03
1.931549809760241352e-03
1.978619800213790234e-03
2.026566693429462766e-03
2.075401805657944593e-03
2.125136534556986909e-03
2.175782359313236953e-03
2.227350840763555467e-03
2.279853621515827173e-03
2.333302426069278589e-03
2.387709060934290611e-03
2.443085414751728843e-03
2.499443458411784291e-03
2.556795245172330082e-03
2.615152910776811102e-03
2.674528673571649647e-03
2.734934834623195705e-03
2.796383777834201504e-03
2.858887970059848915e-03
2.922459961223311965e-03
2.987112384430879591e-03
3.052857956086620864e-03
3.119709476006616959e-03
3.187679827532751212e-03
3.256781977646065057e-03
3.327028977079681590e-03
3.398433960431309318e-03
3.471010146275315712e-03
3.544770837274382243e-03
3.619729420290754805e-03
3.695899366497069558e-03
3.773294231486770678e-03
3.851927655384139101e-03
3.931813362953902324e-03
4.012965163710456931e-03
4.095396952026691267e-03
4.179122707242423004e-03
4.264156493772444656e-03
4.350512461214187457e-03
4.438204844455000131e-03
4.527247963779056431e-03
4.617656224973882770e-03
4.709444119436512026e-03
4.802626224279279120e-03
4.897217202435237560e-03
4.993231802763220366e-03
5.090684860152550582e-03
5.189591295627372751e-03
5.289966116450646114e-03
5.391824416227790004e-03
5.495181375009964946e-03
5.600052259397025022e-03
5.706452422640118961e-03
5.814397304743948620e-03
5.923902432568696128e-03
6.034983419931610159e-03
6.147655967708271288e-03
6.261935863933508657e-03
6.377838983902010470e-03
6.495381290268592740e-03
6.614578833148153196e-03
6.735447750215310322e-03
6.858004266803712813e-03
6.982264696005045443e-03
7.108245438767715751e-03
7.235962983995231079e-03
7.365433908644269424e-03
7.496674877822444120e-03
7.629702644885768409e-03
7.764534051535799952e-03
7.901186027916526008e-03
8.039675592710900792e-03
8.180019853237135638e-03
8.322236005544653495e-03
8.466341334509793620e-03
8.612353213931200555e-03
8.760289106624930336e-03
8.910166564519275689e-03
9.062003228749322334e-03
9.215816829751193040e-03
9.371625187356045356e-03
9.529446210883776164e-03
9.689297899236452155e-03
9.851198340991466212e-03
1.001516571449443185e-02
1.018121828795181573e-02
1.034937441952325787e-02
1.051965255741368899e-02
1.069207123996514762e-02
1.086664909574833020e-02
1.104340484365390167e-02
1.122235729298354766e-02
1.140352534354074389e-02
1.158692798572130180e-02
1.177258430060364180e-02
1.196051346003881161e-02
1.215073472674029105e-02
1.234326745437348480e-02
1.253813108764503283e-02
1.273534516239183817e-02
1.293492930566985354e-02
1.313690323584264415e-02
1.334128676266969904e-02
1.354809978739449257e-02
1.375736230283232733e-02
1.396909439345793771e-02
1.418331623549284534e-02
1.440004809699249599e-02
1.461931033793316924e-02
1.484112341029862614e-02
1.506550785816657828e-02
1.529248431779488965e-02
1.552207351770756166e-02
1.575429627878051700e-02
1.598917351432711104e-02
1.622672623018348720e-02
1.646697552479366167e-02
1.670994258929439299e-02
1.695564870759987131e-02
1.720411525648614728e-02
1.745536370567537035e-02
1.770941561791981173e-02
1.796629264908566892e-02
1.822601654823665859e-02
1.848860915771741512e-02
1.875409241323663587e-02
1.902248834395010857e-02
1.929381907254341250e-02
1.956810681531451906e-02
1.984537388225610793e-02
2.012564267713778943e-02
2.040893569758796267e-02
2.069527553517565288e-02
2.098468487549199485e-02
2.127718649823163999e-02
2.157280327727386510e-02
2.187155818076359781e-02
2.217347427119208819e-02
2.247857470547757683e-02
2.278688273504562295e-02
2.309842170590931110e-02
2.341321505874923228e-02
2.373128632899331597e-02
2.405265914689645040e-02
2.437735723761988785e-02
2.470540442131053532e-02
2.503682461317998167e-02
2.537164182358340667e-02
2.570988015809824376e-02
2.605156381760273532e-02
2.639671709835422764e-02
2.674536439206734451e-02
2.709753018599196650e-02
2.745323906299100905e-02
2.781251570161805478e-02
2.817538487619478116e-02
2.854187145688827712e-02
2.891200040978803010e-02
2.928579679698297897e-02
2.966328577663817148e-02
3.004449260307135577e-02
3.042944262682940187e-02
3.081816129476453239e-02
3.121067415011038321e-02
3.160700683255789067e-02
3.200718507833105742e-02
3.241123472026249952e-02
3.281918168786882029e-02
3.323105200742586945e-02
3.364687180204384287e-02
3.406666729174209762e-02
3.449046479352404354e-02
3.491829072145160445e-02
3.535017158671965865e-02
3.578613399773035442e-02
3.622620466016722440e-02
3.667041037706904316e-02
3.711877804890369864e-02
3.757133467364183466e-02
3.802810734683023663e-02
3.848912326166528675e-02
3.895440970906602351e-02
3.942399407774719450e-02
3.989790385429217712e-02
4.037616662322560113e-02
4.085881006708593638e-02
4.134586196649795570e-02
4.183735020024495488e-02
4.233330274534085474e-02
4.283374767710213665e-02
4.333871316921980577e-02
4.384822749383086166e-02
4.436231902158996321e-02
4.488101622174077432e-02
4.540434766218712226e-02
4.593234200956423929e-02
4.646502802930955328e-02
4.700243458573361011e-02
4.754459064209064917e-02
4.809152526064919275e-02
4.864326760276237172e-02
4.919984692893820954e-02
4.976129259890969825e-02
5.032763407170479097e-02
5.089890090571616565e-02
5.147512275877100252e-02
5.205632938820042160e-02
5.264255065090903130e-02
5.323381650344407440e-02
5.383015700206471993e-02
5.443160230281086226e-02
5.503818266157226718e-02
5.564992843415707269e-02
5.626687007636054644e-02
5.688903814403353104e-02
5.751646329315076439e-02
5.814917627987909593e-02
5.878720796064566129e-02
5.943058929220570302e-02
6.007935133171055098e-02
6.073352523677515852e-02
6.139314226554581921e-02
6.205823377676758512e-02
6.272883122985151161e-02
6.340496618494190217e-02
6.408667030298338674e-02
6.477397534578788196e-02
6.546691317610135730e-02
6.616551575767057325e-02
6.686981515530959763e-02
6.757984353496637731e-02
6.829563316378892135e-02
6.901721641019153974e-02
6.974462574392105429e-02
7.047789373612262098e-02
7.121705305940562170e-02
7.196213648790936168e-02
7.271317689736879475e-02
7.347020726517976275e-02
7.423326067046467913e-02
7.500237029413754641e-02
7.577756941896914011e-02
7.655889142965208172e-02
7.734636981286575896e-02
7.814003815734096858e-02
7.893993015392475332e-02
7.974607959564482262e-02
8.055852037777413988e-02
8.137728649789510715e-02
8.220241205596384715e-02
8.303393125437434630e-02
8.387187839802238976e-02
8.471628789436938534e-02
8.556719425350625685e-02
8.642463208821705989e-02
8.728863611404245881e-02
8.815924114934320377e-02
8.903648211536355217e-02
8.992039403629428773e-02
9.081101203933600319e-02
9.170837135476204993e-02
9.261250731598134889e-02
9.352345535960131240e-02
9.444125102549046080e-02
9.536592995684090024e-02
9.629752790023100861e-02
9.723608070568755257e-02
9.818162432674812368e-02
9.913419482052317211e-02
1.000938283477581375e-01
1.010605611728953301e-01
1.020344296641358117e-01
1.030154702935011241e-01
1.040037196368948508e-01
1.049992143741642070e-01
1.060019912891616012e-01
1.070120872698056280e-01
1.080295393081426025e-01
1.090543845004076223e-01
1.100866600470854495e-01
1.111264032529715312e-01
1.121736515272328816e-01
1.132284423834687276e-01
1.142908134397711134e-01
1.153608024187855186e-01
1.164384471477712679e-01
1.175237855586617058e-01
1.186168556881247171e-01
1.197176956776226237e-01
1.208263437734722889e-01
1.219428383269051258e-01
1.230672177941269513e-01
1.241995207363775638e-01
1.253397858199906678e-01
1.264880518164532008e-01
1.276443576024649529e-01
1.288087421599977966e-01
1.299812445763552371e-01
1.311619040442312534e-01
1.323507598617695846e-01
1.335478514326227939e-01
1.347532182660110822e-01
1.359668999767809361e-01
1.371889362854642747e-01
1.384193670183366254e-01
1.396582321074760491e-01
1.409055715908212603e-01
1.421614256122302189e-01
1.434258344215383618e-01
1.446988383746166396e-01
1.459804779334298031e-01
1.472707936660942740e-01
1.485698262469360986e-01
1.498776164565487623e-01
1.511942051818508936e-01
1.525196334161439682e-01
1.538539422591698458e-01
1.551971729171681968e-01
1.565493667029340119e-01
1.579105650358746116e-01
1.592808094420671838e-01
1.606601415543157385e-01
1.620486031122081727e-01
1.634462359621730865e-01
1.648530820575369316e-01
1.662691834585804662e-01
1.676945823325957097e-01
1.691293209539423137e-01
1.705734417041041562e-01
1.720269870717460181e-01
1.734899996527693999e-01
1.749625221503693373e-01
1.764445973750901620e-01
1.779362682448817901e-01
1.794375777851556775e-01
1.809485691288407749e-01
1.824692855164392336e-01
1.839997702960823045e-01
1.855400669235857669e-01
1.870902189625058276e-01
1.886502700841944102e-01
1.902202640678543333e-01
1.918002448005951821e-01
1.933902562774879041e-01
1.949903426016205144e-01
1.966005479841525239e-01
1.982209167443705067e-01
1.998514933097425561e-01
2.014923222159732963e-01
2.031434481070583109e-01
2.048049157353389049e-01
2.064767699615567276e-01
2.081590557549078402e-01
2.098518181930973114e-01
2.115551024623931464e-01
2.132689538576807431e-01
2.149934177825165993e-01
2.167285397491824084e-01
2.184743653787385165e-01
2.202309404010781846e-01
2.219983106549806018e-01
2.237765220881645645e-01
2.255656207573420446e-01
2.273656528282708422e-01
2.291766645758083198e-01
2.309987023839638609e-01
2.328318127459519937e-01
2.346760422642449606e-01
2.365314376506251759e-01
2.383980457262378783e-01
2.402759134216429782e-01
2.421650877768675159e-01
2.440656159414571758e-01
2.459775451745281893e-01
2.479009228448187108e-01
2.498357964307402479e-01
2.517822135204286771e-01
2.537402218117948416e-01
2.557098691125756496e-01
2.576912033403835345e-01
2.596842725227576643e-01
2.616891247972126244e-01
2.637058084112882117e-01
2.657343717225986723e-01
2.677748631988812744e-01
2.698273314180443805e-01
2.718918250682155202e-01
2.739683929477888524e-01
2.760570839654719055e-01
2.781579471403320403e-01
2.802710316018421355e-01
2.823963865899259407e-01
2.845340614550024294e-01
2.866841056580293756e-01
2.888465687705465967e-01
2.910215004747181977e-01
2.932089505633730386e-01
2.954089689400455909e-01
2.976216056190148507e-01
2.998469107253417532e-01
3.020849344949061988e-01
3.043357272744422470e-01
3.065993395215713679e-01
3.088758218048345827e-01
3.111652248037228286e-01
3.134675993087044921e-01
3.157829962212523878e-01
3.181114665538665731e-01
3.204530614300959424e-01
3.228078320845564897e-01
3.251758298629467969e-01
3.275571062220595797e-01
3.299517127297908470e-01
3.323597010651441197e-01
3.347811230182307085e-01
3.372160304902654393e-01
3.396644754935571053e-01
3.421265101514938123e-01
3.446021866985218285e-01
3.470915574801181624e-01
3.495946749527555908e-01
3.521115916838605808e-01
3.546423603517620537e-01
3.571870337456312661e-01
3.597456647654109774e-01
3.623183064217344040e-01
3.649050118358312389e-01
3.675058342394214583e-01
3.701208269745933643e-01
3.727500434936679152e-01
3.753935373590441271e-01
3.780513622430266008e-01
3.807235719276334529e-01
3.834102203043797674e-01
3.861113613740402850e-01
3.888270492463818950e-01
3.915573381398703146e-01
3.943022823813436828e-01
3.970619364056518497e-01
3.998363547552591934e-01
4.026255920798058052e-01
4.054297031356236536e-01
4.082487427852056205e-01
4.110827659966192482e-01
4.139318278428646414e-01
4.167959835011676439e-01
4.196752882522050698e-01
4.225697974792537170e-01
4.254795666672576693e-01
4.284046514018067797e-01
4.313451073680145131e-01
4.343009903492935919e-01
4.372723562260107943e-01
4.402592609740172414e-01
4.432617606630394058e-01
4.462799114549182988e-01
4.493137696016845650e-01
4.523633914434526671e-01
4.554288334061189492e-01
4.585101519988452612e-01
4.616074038113082145e-01
4.647206455106938083e-01
4.678499338384135564e-01
4.709953256065156912e-01
4.741568776937661878e-01
4.773346470413676879e-01
4.805286906482822973e-01
4.837390655661267247e-01
4.869658288935948542e-01
4.902090377703689494e-01
4.934687493704719152e-01
4.967450208950091040e-01
5.000379095642446536e-01
5.033474726089506301e-01
5.066737672609663568e-01
5.100168507428907150e-01
5.133767802568336425e-01
5.167536129721369553e-01
5.201474060119757326e-01
5.235582164387315718e-01
5.269861012380343546e-01
5.304311173013431802e-01
5.338933214069407907e-01
5.373727701991917183e-01
5.408695201659102780e-01
5.443836276136641006e-01
5.479151486408272431e-01
5.514641391081760435e-01
5.550306546068087821e-01
5.586147504231399052e-01
5.622164815007100191e-01
5.658359023985154446e-01
5.694730672455461384e-01
5.731280296911865912e-01
5.768008428511021135e-01
5.804915592482019493e-01
5.842002307482335732e-01
5.879269084895173414e-01
5.916716428062928079e-01
5.954344831450948394e-01
5.992154779735284764e-01
6.030146746807497626e-01
6.068321194689039189e-01
6.106678572346975198e-01
6.145219314402096122e-01
6.183943839719667768e-01
6.222852549872172068e-01
6.261945827462409575e-01
6.301224034294319321e-01
6.340687509377712638e-01
6.380336566751806382e-01
6.420171493111209715e-01
6.460192545216363325e-01
6.500399947068964401e-01
6.540793886831037796e-01
6.581374513464396392e-01
6.622141933065200936e-01
6.663096204865941452e-01
6.704237336874732112e-01
6.745565281119016987e-01
6.787079928457890876e-01
6.828781102923936475e-01
6.870668555551927570e-01
6.912741957647967617e-01
6.955000893448347599e-01
6.997444852112854052e-01
7.040073218992279891e-01
7.082885266104408384e-01
7.125880141746769869e-01
7.169056859168065898e-01
7.212414284213041205e-01
7.255951121847826757e-01
7.299665901464489348e-01
7.343556960854277227e-01
7.387622428729054835e-01
7.431860205659598373e-01
7.476267943287480122e-01
7.520843021654346483e-01
7.565582524478300375e-01
7.610483212191643254e-01
7.655541492537534243e-01
7.700753388504745223e-01
7.746114503359811110e-01
7.791619982514065290e-01
7.837264471939374699e-01
7.883042072820551915e-01
7.928946292104156468e-01
7.974969988572772062e-01
8.021105314040278822e-01
8.067343649227111113e-01
8.113675533834706632e-01
8.160090590294919455e-01
8.206577440622842001e-01
8.253123615749901054e-01
8.299715456657766888e-01
8.346338006572439072e-01
8.392974893410838355e-01
8.439608201599492210e-01
8.486218332305385248e-01
8.532783851032403888e-01
8.579281321442456809e-01
8.625685124157324024e-01
8.671967259185145993e-01
8.718097130493045466e-01
8.764041311114157962e-01
8.809763287031755485e-01
8.855223177924941291e-01
8.900377432687376356e-01
8.945178497442352050e-01
8.989574453572217738e-01
9.033508623056272224e-01
9.076919138167459655e-01
9.119738472312168831e-01
9.161892928507658906e-01
9.203302081675637236e-01
9.243878170586063980e-01
9.283525434909959406e-01
9.322139392430535132e-01
9.359606051016169381e-01
9.395801049472263244e-01
9.430588720859139906e-01
9.463821071285427600e-01
9.495336666556615235e-01
9.524959418372067610e-01
9.552497261015705510e-01
9.577740708669982839e-01
9.600474014447110127e-01
9.620454289110478285e-01
9.637418509572759362e-01
9.651082310806813336e-01
9.661138839379782572e-01
9.667257712344895504e-01
9.669084134625935967e-01
9.666238238091349189e-01
9.658314715923188576e-01
9.644882836201238430e-01
9.625486928271063114e-01
9.599647443735983554e-01
9.566862699968335937e-01
9.526611416927172060e-01
9.478356156777032471e-01
9.421547769282255791e-01
9.355630933204743815e-01
9.280050864088318363e-01
9.194261231217792929e-01
9.097733290864760125e-01
8.989966199264385338e-01
8.870498417709926642e-01
8.738920064889869055e-01
8.594886009939970428e-01
8.438129436082461021e-01
8.268475542207932572e-01
8.085854991840221162e-01
7.890316669463618426e-01
7.682039267164557650e-01
7.461341203800961885e-01
7.228688377906659079e-01
6.984699277006480855e-01
6.730147011708945692e-01
6.465957913365767418e-01
6.193206428318887014e-01
5.913106157338891000e-01
5.626997021800789200e-01
5.336328683029369913e-01
5.042640491471093167e-01
4.747538390458190261e-01
4.452669337451291565e-01
4.159693925987220653e-01
3.870257986928891114e-01
3.585964011939308804e-01
3.308343270875755970e-01
3.038829485449534018e-01
2.778734873612614953e-01
2.529229294555220275e-01
2.291323106938238652e-01
2.065854208984822526e-01
1.853479565814033780e-01
1.654671355475637595e-01
1.469717689595272103e-01
1.298727696321628766e-01
1.141640600666672528e-01
9.982383074449172056e-02
8.681608903490781182e-02
7.509243208689903026e-02
6.459397343754853804e-02
5.525335273574243783e-02
4.699676072774805480e-02
3.974591709856343386e-02
3.341994640724865046e-02
2.793710661381857904e-02
2.321633495220139579e-02
1.917858654727824103e-02
1.574795163715708712e-02
1.285254705211530055e-02
1.042518632300304220e-02
8.403840157407187206e-03
6.731904857438987359e-03
5.358300492878982288e-03
4.237423318967089431e-03
3.328978151670229126e-03
2.597716358796172374e-03
2.013104008143478448e-03
1.548942770692186485e-03
1.182963647784634077e-03
8.964107047887951872e-04
6.736289550607647489e-04
5.016675211028189018e-04
3.699063430668766972e-04
2.697121098928719515e-04
1.941268219013496366e-04
1.375904903679047722e-04
9.569794738684852500e-05
6.498856469682357147e-05
4.276683389328363177e-05
2.695120306000559134e-05
1.594825122849055993e-05
8.549165565534641004e-06
3.845521674910148255e-06
1.161513516267550946e-06
0.000000000000000000e+00
0.000000000000000000e+00
0.000000000000000000e+00
0.000000000000000000e+00
0.000000000000000000e+00
0.000000000000000000e+00
0.000000000000000000e+00
0.000000000000000000e+00
0.000000000000000000e+00
0.000000000000000000e+00
0.000000000000000000e+00
0.000000000000000000e+00
0.000000000000000000e+00
0.000000000000000000e+00
0.000000000000000000e+00
0.000000000000000000e+00
0.000000000000000000e+00
0.000000000000000000e+00
0.000000000000000000e+00
0.000000000000000000e+00
0.000000000000000000e+00
0.000000000000000000e+00
0.000000000000000000e+00
0.000000000000000000e+00
0.000000000000000000e+00
0.000000000000000000e+00
0.000000000000000000e+00
0.000000000000000000e+00
0.000000000000000000e+00
0.000000000000000000e+00
0.000000000000000000e+00
0.000000000000000000e+00
0.000000000000000000e+00
0.000000000000000000e+00
0.000000000000000000e+00
0.000000000000000000e+00
0.000000000000000000e+00
0.000000000000000000e+00
0.000000000000000000e+00
0.000000000000000000e+00
0.000000000000000000e+00
0.000000000000000000e+00
0.000000000000000000e+00
0.000000000000000000e+00
0.000000000000000000e+00
0.000000000000000000e+00
0.000000000000000000e+00
0.000000000000000000e+00
0.000000000000000000e+00
0.000000000000000000e+00
0.000000000000000000e+00
0.000000000000000000e+00
0.000000000000000000e+00
0.000000000000000000e+00
0.000000000000000000e+00
0.000000000000000000e+00
0.000000000000000000e+00
0.000000000000000000e+00
0.000000000000000000e+00
0.000000000000000000e+00
0.000000000000000000e+00
0.000000000000000000e+00
0.000000000000000000e+00
0.000000000000000000e+00
0.000000000000000000e+00
0.000000000000000000e+00
0.000000000000000000e+00
0.000000000000000000e+00
0.000000000000000000e+00
0.000000000000000000e+00
0.000000000000000000e+00
0.000000000000000000e+00
0.000000000000000000e+00
0.000000000000000000e+00
0.000000000000000000e+00
0.000000000000000000e+00
0.000000000000000000e+00
0.000000000000000000e+00
0.000000000000000000e+00
0.000000000000000000e+00
0.000000000000000000e+00
0.000000000000000000e+00
0.000000000000000000e+00
0.000000000000000000e+00
0.000000000000000000e+00
0.000000000000000000e+00
0.000000000000000000e+00
0.000000000000000000e+00
0.000000000000000000e+00
0.000000000000000000e+00
0.000000000000000000e+00
0.000000000000000000e+00
0.000000000000000000e+00
0.000000000000000000e+00
0.000000000000000000e+00
0.000000000000000000e+00
0.000000000000000000e+00
0.000000000000000000e+00
0.000000000000000000e+00
0.000000000000000000e+00
0.000000000000000000e+00
0.000000000000000000e+00
0.000000000000000000e+00
0.000000000000000000e+00
0.000000000000000000e+00
0.000000000000000000e+00
0.000000000000000000e+00
0.000000000000000000e+00
0.000000000000000000e+00
0.000000000000000000e+00
0.000000000000000000e+00
0.000000000000000000e+00
0.000000000000000000e+00
0.000000000000000000e+00
0.000000000000000000e+00
0.000000000000000000e+00
