Power
t(s)	P(W)

 4.8828125e-012	0
 1.46484375e-011	0
 2.44140625e-011	0
 3.41796875e-011	0
 4.39453125e-011	0
 5.37109375e-011	0
 6.34765625e-011	0
 7.32421875e-011	0
 8.30078125e-011	0
 9.27734375e-011	0
 1.025390625e-010	0
 1.123046875e-010	0
 1.220703125e-010	0
 1.318359375e-010	0
 1.416015625e-010	0
 1.513671875e-010	0
 1.611328125e-010	0
 1.708984375e-010	0
 1.806640625e-010	0
 1.904296875e-010	0
 2.001953125e-010	0
 2.099609375e-010	0
 2.197265625e-010	0
 2.294921875e-010	0
 2.392578125e-010	0
 2.490234375e-010	0
 2.587890625e-010	0
 2.685546875e-010	0
 2.783203125e-010	0
 2.880859375e-010	0
 2.978515625e-010	0
 3.076171875e-010	0
 3.173828125e-010	0
 3.271484375e-010	0
 3.369140625e-010	0
 3.466796875e-010	0
 3.564453125e-010	0
 3.662109375e-010	0
 3.759765625e-010	0
 3.857421875e-010	0
 3.955078125e-010	0
 4.052734375e-010	0
 4.150390625e-010	0
 4.248046875e-010	0
 4.345703125e-010	0
 4.443359375e-010	0
 4.541015625e-010	0
 4.638671875e-010	0
 4.736328125e-010	0
 4.833984375e-010	0
 4.931640625e-010	0
 5.029296875e-010	0
 5.126953125e-010	0
 5.224609375e-010	0
 5.322265625e-010	0
 5.419921875e-010	0
 5.517578125e-010	0
 5.615234375e-010	0
 5.712890625e-010	0
 5.810546875e-010	0
 5.908203125e-010	0
 6.005859375e-010	0
 6.103515625e-010	0
 6.201171875e-010	0
 6.298828125e-010	0
 6.396484375e-010	0
 6.494140625e-010	0
 6.591796875e-010	0
 6.689453125e-010	0
 6.787109375e-010	0
 6.884765625e-010	0
 6.982421875e-010	0
 7.080078125e-010	0
 7.177734375e-010	0
 7.275390625e-010	0
 7.373046875e-010	0
 7.470703125e-010	0
 7.568359375e-010	0
 7.666015625e-010	0
 7.763671875e-010	0
 7.861328125e-010	0
 7.958984375e-010	0
 8.056640625e-010	0
 8.154296875e-010	0
 8.251953125e-010	0
 8.349609375e-010	0
 8.447265625e-010	0
 8.544921875e-010	0
 8.642578125e-010	0
 8.740234375e-010	0
 8.837890625e-010	0
 8.935546875e-010	0
 9.033203125e-010	0
 9.130859375e-010	0
 9.228515625e-010	0
 9.326171875e-010	0
 9.423828125e-010	0
 9.521484375e-010	0
 9.619140625e-010	0
 9.716796875e-010	0
 9.814453125e-010	0
 9.912109375e-010	0
 1.000976562e-009	0
 1.010742188e-009	0
 1.020507812e-009	0
 1.030273438e-009	0
 1.040039063e-009	0
 1.049804688e-009	0
 1.059570313e-009	0
 1.069335938e-009	0
 1.079101563e-009	0
 1.088867188e-009	0
 1.098632813e-009	0
 1.108398437e-009	0
 1.118164063e-009	0
 1.127929688e-009	0
 1.137695313e-009	0
 1.147460938e-009	0
 1.157226563e-009	0
 1.166992188e-009	0
 1.176757813e-009	0
 1.186523438e-009	0
 1.196289063e-009	0
 1.206054688e-009	0
 1.215820312e-009	0
 1.225585938e-009	0
 1.235351563e-009	0
 1.245117188e-009	0
 1.254882813e-009	0
 1.264648438e-009	0
 1.274414063e-009	0
 1.284179688e-009	0
 1.293945313e-009	0
 1.303710937e-009	0
 1.313476563e-009	0
 1.323242187e-009	0
 1.333007813e-009	0
 1.342773438e-009	0
 1.352539063e-009	0
 1.362304688e-009	0
 1.372070313e-009	0
 1.381835938e-009	0
 1.391601563e-009	0
 1.401367188e-009	0
 1.411132812e-009	0
 1.420898438e-009	0
 1.430664063e-009	0
 1.440429688e-009	0
 1.450195313e-009	0
 1.459960938e-009	0
 1.469726563e-009	0
 1.479492188e-009	0
 1.489257813e-009	0
 1.499023438e-009	0
 1.508789063e-009	0
 1.518554687e-009	0
 1.528320313e-009	0
 1.538085938e-009	0
 1.547851563e-009	0
 1.557617188e-009	0
 1.567382813e-009	0
 1.577148438e-009	0
 1.586914063e-009	0
 1.596679688e-009	0
 1.606445313e-009	0
 1.616210938e-009	0
 1.625976562e-009	0
 1.635742188e-009	0
 1.645507813e-009	0
 1.655273438e-009	0
 1.665039063e-009	0
 1.674804688e-009	0
 1.684570313e-009	0
 1.694335938e-009	0
 1.704101563e-009	0
 1.713867188e-009	0
 1.723632813e-009	0
 1.733398437e-009	0
 1.743164063e-009	0
 1.752929688e-009	0
 1.762695313e-009	0
 1.772460938e-009	0
 1.782226563e-009	0
 1.791992188e-009	0
 1.801757813e-009	0
 1.811523438e-009	0
 1.821289063e-009	0
 1.831054688e-009	0
 1.840820313e-009	0
 1.850585938e-009	0
 1.860351563e-009	0
 1.870117187e-009	0
 1.879882813e-009	0
 1.889648438e-009	0
 1.899414063e-009	0
 1.909179687e-009	0
 1.918945313e-009	0
 1.928710938e-009	0
 1.938476563e-009	0
 1.948242188e-009	0
 1.958007812e-009	0
 1.967773438e-009	0
 1.977539063e-009	0
 1.987304688e-009	0
 1.997070312e-009	0
 2.006835938e-009	0
 2.016601563e-009	0
 2.026367188e-009	0
 2.036132812e-009	0
 2.045898437e-009	0
 2.055664063e-009	0
 2.065429688e-009	0
 2.075195313e-009	0
 2.084960937e-009	0
 2.094726563e-009	0
 2.104492188e-009	0
 2.114257813e-009	0
 2.124023437e-009	0
 2.133789063e-009	0
 2.143554688e-009	0
 2.153320313e-009	0
 2.163085938e-009	0
 2.172851562e-009	0
 2.182617188e-009	0
 2.192382813e-009	0
 2.202148438e-009	0
 2.211914062e-009	0
 2.221679688e-009	0
 2.231445313e-009	0
 2.241210938e-009	0
 2.250976563e-009	0
 2.260742187e-009	0
 2.270507813e-009	0
 2.280273438e-009	0
 2.290039063e-009	0
 2.299804687e-009	0
 2.309570313e-009	0
 2.319335938e-009	0
 2.329101563e-009	0
 2.338867187e-009	0
 2.348632812e-009	0
 2.358398438e-009	0
 2.368164063e-009	0
 2.377929688e-009	0
 2.387695312e-009	0
 2.397460938e-009	0
 2.407226563e-009	0
 2.416992188e-009	0
 2.426757812e-009	0
 2.436523438e-009	0
 2.446289063e-009	0
 2.456054688e-009	0
 2.465820313e-009	0
 2.475585937e-009	0
 2.485351563e-009	0
 2.495117188e-009	0
 2.504882813e-009	0
 2.514648437e-009	0
 2.524414063e-009	0
 2.534179688e-009	0
 2.543945313e-009	0
 2.553710938e-009	0
 2.563476562e-009	0
 2.573242188e-009	0
 2.583007813e-009	0
 2.592773438e-009	0
 2.602539062e-009	0
 2.612304688e-009	0
 2.622070313e-009	0
 2.631835938e-009	0
 2.641601562e-009	0
 2.651367188e-009	0
 2.661132813e-009	0
 2.670898438e-009	0
 2.680664063e-009	0
 2.690429687e-009	0
 2.700195313e-009	0
 2.709960938e-009	0
 2.719726563e-009	0
 2.729492187e-009	0
 2.739257813e-009	0
 2.749023438e-009	0
 2.758789063e-009	0
 2.768554688e-009	0
 2.778320312e-009	0
 2.788085938e-009	0
 2.797851563e-009	0
 2.807617188e-009	0
 2.817382812e-009	0
 2.827148438e-009	0
 2.836914063e-009	0
 2.846679688e-009	0
 2.856445312e-009	0
 2.866210937e-009	0
 2.875976563e-009	0
 2.885742188e-009	0
 2.895507813e-009	0
 2.905273437e-009	0
 2.915039063e-009	0
 2.924804688e-009	0
 2.934570313e-009	0
 2.944335937e-009	0
 2.954101563e-009	0
 2.963867188e-009	0
 2.973632813e-009	0
 2.983398438e-009	0
 2.993164062e-009	0
 3.002929688e-009	0
 3.012695313e-009	0
 3.022460938e-009	0
 3.032226562e-009	0
 3.041992188e-009	0
 3.051757813e-009	0
 3.061523438e-009	0
 3.071289063e-009	0
 3.081054687e-009	0
 3.090820313e-009	0
 3.100585938e-009	0
 3.110351563e-009	0
 3.120117187e-009	0
 3.129882813e-009	0
 3.139648438e-009	0
 3.149414063e-009	0
 3.159179687e-009	0
 3.168945313e-009	0
 3.178710938e-009	0
 3.188476563e-009	0
 3.198242188e-009	0
 3.208007812e-009	0
 3.217773438e-009	0
 3.227539063e-009	0
 3.237304688e-009	0
 3.247070312e-009	0
 3.256835938e-009	0
 3.266601563e-009	0
 3.276367188e-009	0
 3.286132813e-009	0
 3.295898437e-009	0
 3.305664063e-009	0
 3.315429688e-009	0
 3.325195313e-009	0
 3.334960937e-009	0
 3.344726563e-009	0
 3.354492188e-009	0
 3.364257813e-009	0
 3.374023438e-009	0
 3.383789063e-009	0
 3.393554688e-009	0
 3.403320313e-009	0
 3.413085938e-009	0
 3.422851562e-009	0
 3.432617188e-009	0
 3.442382813e-009	0
 3.452148438e-009	0
 3.461914062e-009	0
 3.471679688e-009	0
 3.481445313e-009	0
 3.491210938e-009	0
 3.500976563e-009	0
 3.510742187e-009	0
 3.520507813e-009	0
 3.530273438e-009	0
 3.540039063e-009	0
 3.549804687e-009	0
 3.559570313e-009	0
 3.569335938e-009	0
 3.579101563e-009	0
 3.588867188e-009	0
 3.598632812e-009	0
 3.608398438e-009	0
 3.618164063e-009	0
 3.627929688e-009	0
 3.637695312e-009	0
 3.647460938e-009	0
 3.657226563e-009	0
 3.666992188e-009	0
 3.676757813e-009	0
 3.686523438e-009	0
 3.696289063e-009	0
 3.706054688e-009	0
 3.715820313e-009	0
 3.725585937e-009	0
 3.735351562e-009	0
 3.745117187e-009	0
 3.754882813e-009	0
 3.764648438e-009	0
 3.774414063e-009	0
 3.784179688e-009	0
 3.793945313e-009	0
 3.803710938e-009	0
 3.813476562e-009	0
 3.823242187e-009	0
 3.833007812e-009	0
 3.842773438e-009	0
 3.852539063e-009	0
 3.862304688e-009	0
 3.872070313e-009	0
 3.881835938e-009	0
 3.891601563e-009	0
 3.901367187e-009	0
 3.911132812e-009	0
 3.920898437e-009	0
 3.930664063e-009	0
 3.940429688e-009	0
 3.950195313e-009	0
 3.959960938e-009	0
 3.969726563e-009	0
 3.979492187e-009	0
 3.989257812e-009	0
 3.999023437e-009	0
 4.008789063e-009	0
 4.018554688e-009	0
 4.028320313e-009	0
 4.038085938e-009	0
 4.047851563e-009	0
 4.057617188e-009	0
 4.067382812e-009	0
 4.077148437e-009	0
 4.086914062e-009	0
 4.096679688e-009	0
 4.106445313e-009	0
 4.116210938e-009	0
 4.125976563e-009	0
 4.135742188e-009	0
 4.145507813e-009	0
 4.155273437e-009	0
 4.165039062e-009	0
 4.174804687e-009	0
 4.184570313e-009	0
 4.194335938e-009	0
 4.204101563e-009	0
 4.213867188e-009	0
 4.223632813e-009	0
 4.233398438e-009	0
 4.243164062e-009	0
 4.252929687e-009	0
 4.262695312e-009	0
 4.272460938e-009	0
 4.282226563e-009	0
 4.291992188e-009	0
 4.301757813e-009	0
 4.311523438e-009	0
 4.321289063e-009	0
 4.331054687e-009	0
 4.340820312e-009	0
 4.350585937e-009	0
 4.360351563e-009	0
 4.370117188e-009	0
 4.379882813e-009	0
 4.389648438e-009	0
 4.399414063e-009	0
 4.409179688e-009	0
 4.418945312e-009	0
 4.428710937e-009	0
 4.438476562e-009	0
 4.448242188e-009	0
 4.458007813e-009	0
 4.467773438e-009	0
 4.477539063e-009	0
 4.487304688e-009	0
 4.497070313e-009	0
 4.506835937e-009	0
 4.516601562e-009	0
 4.526367188e-009	0
 4.536132813e-009	0
 4.545898438e-009	0
 4.555664063e-009	0
 4.565429688e-009	0
 4.575195313e-009	0
 4.584960937e-009	0
 4.594726562e-009	0
 4.604492187e-009	0
 4.614257813e-009	0
 4.624023438e-009	0
 4.633789063e-009	0
 4.643554688e-009	0
 4.653320313e-009	0
 4.663085938e-009	0
 4.672851562e-009	0
 4.682617187e-009	0
 4.692382812e-009	0
 4.702148438e-009	0
 4.711914063e-009	0
 4.721679688e-009	2.192670584
 4.731445313e-009	27.69777107
 4.741210938e-009	159.628067
 4.750976563e-009	649.9520874
 4.760742187e-009	2173.535889
 4.770507812e-009	6389.626465
 4.780273437e-009	17092.48438
 4.790039063e-009	42394.92578
 4.799804688e-009	98560.52344
 4.809570313e-009	216213.5313
 4.819335938e-009	449610.5
 4.829101563e-009	889352.1875
 4.838867188e-009	1678320.125
 4.848632812e-009	3029797.75
 4.858398437e-009	5245964.5
 4.868164062e-009	8734380
 4.877929688e-009	14020226
 4.887695313e-009	21752598
 4.897460938e-009	32704392
 4.907226563e-009	47766364
 4.916992188e-009	67937000
 4.926757813e-009	94310208
 4.936523437e-009	128062616
 4.946289062e-009	170441872
 4.956054687e-009	222756704
 4.965820313e-009	286369088
 4.975585938e-009	362687648
 4.985351563e-009	453163264
 4.995117188e-009	559285376
 5.004882813e-009	682579328
 5.014648438e-009	824603520
 5.024414062e-009	986946816
 5.034179687e-009	1171229440
 5.043945313e-009	1379098112
 5.053710938e-009	1612227328
 5.063476563e-009	1872314624
 5.073242188e-009	2161087744
 5.083007813e-009	2480291584
 5.092773438e-009	2831696384
 5.102539063e-009	3217094400
 5.112304687e-009	3638296832
 5.122070312e-009	4097136128
 5.131835938e-009	4595464192
 5.141601563e-009	5135152128
 5.151367188e-009	5718080512
 5.161132813e-009	6346158592
 5.170898438e-009	7021304832
 5.180664063e-009	7745456128
 5.190429687e-009	8520551936
 5.200195312e-009	9348568064
 5.209960937e-009	1.023147725e+010
 5.219726563e-009	1.117126042e+010
 5.229492188e-009	1.216992358e+010
 5.239257813e-009	1.322948301e+010
 5.249023438e-009	1.435194778e+010
 5.258789063e-009	1.553935258e+010
 5.268554688e-009	1.6793728e+010
 5.278320312e-009	1.811713843e+010
 5.288085937e-009	1.951161344e+010
 5.297851562e-009	2.097922458e+010
 5.307617188e-009	2.252201779e+010
 5.317382813e-009	2.414206157e+010
 5.327148438e-009	2.584144077e+010
 5.336914063e-009	2.762219315e+010
 5.346679688e-009	2.948639539e+010
 5.356445313e-009	3.143615078e+010
 5.366210937e-009	3.347347251e+010
 5.375976562e-009	3.56004823e+010
 5.385742187e-009	3.78191831e+010
 5.395507813e-009	4.013164544e+010
 5.405273438e-009	4.253986816e+010
 5.415039063e-009	4.50459648e+010
 5.424804688e-009	4.765193011e+010
 5.434570313e-009	5.035975885e+010
 5.444335938e-009	5.31715113e+010
 5.454101562e-009	5.608906342e+010
 5.463867187e-009	5.911445094e+010
 5.473632812e-009	6.224964403e+010
 5.483398438e-009	6.5496576e+010
 5.493164063e-009	6.885704499e+010
 5.502929688e-009	7.23331072e+010
 5.512695313e-009	7.5926528e+010
 5.522460938e-009	7.963906867e+010
 5.532226563e-009	8.347262976e+010
 5.541992187e-009	8.742898893e+010
 5.551757812e-009	9.150980915e+010
 5.561523438e-009	9.57168599e+010
 5.571289063e-009	1.000517386e+011
 5.581054688e-009	1.045161083e+011
 5.590820313e-009	1.0911155e+011
 5.600585938e-009	1.138396283e+011
 5.610351563e-009	1.187016294e+011
 5.620117188e-009	1.23699372e+011
 5.629882812e-009	1.288338391e+011
 5.639648437e-009	1.341066199e+011
 5.649414063e-009	1.395188695e+011
 5.659179688e-009	1.450718822e+011
 5.668945313e-009	1.50766633e+011
 5.678710938e-009	1.566043341e+011
 5.688476563e-009	1.625861652e+011
 5.698242188e-009	1.687127327e+011
 5.708007812e-009	1.749851832e+011
 5.717773437e-009	1.814041068e+011
 5.727539062e-009	1.879703552e+011
 5.737304688e-009	1.946844692e+011
 5.747070313e-009	2.01547137e+011
 5.756835938e-009	2.085586862e+011
 5.766601563e-009	2.157195592e+011
 5.776367188e-009	2.230301655e+011
 5.786132813e-009	2.304904397e+011
 5.795898437e-009	2.381004472e+011
 5.805664062e-009	2.458604995e+011
 5.815429687e-009	2.537703997e+011
 5.825195313e-009	2.618296074e+011
 5.834960938e-009	2.700383519e+011
 5.844726563e-009	2.783956173e+011
 5.854492188e-009	2.869013709e+011
 5.864257813e-009	2.955547771e+011
 5.874023438e-009	3.043549839e+011
 5.883789062e-009	3.133011067e+011
 5.893554687e-009	3.223923917e+011
 5.903320312e-009	3.316273316e+011
 5.913085938e-009	3.410049106e+011
 5.922851563e-009	3.505238508e+011
 5.932617188e-009	3.601827758e+011
 5.942382813e-009	3.699794575e+011
 5.952148438e-009	3.799127491e+011
 5.961914063e-009	3.899807498e+011
 5.971679687e-009	4.00181035e+011
 5.981445312e-009	4.105120317e+011
 5.991210937e-009	4.209709875e+011
 6.000976563e-009	4.315556413e+011
 6.010742188e-009	4.422638961e+011
 6.020507813e-009	4.530923438e+011
 6.030273438e-009	4.640392806e+011
 6.040039063e-009	4.75100545e+011
 6.049804688e-009	4.86274433e+011
 6.059570312e-009	4.975566848e+011
 6.069335937e-009	5.089443512e+011
 6.079101563e-009	5.204346143e+011
 6.088867188e-009	5.320230175e+011
 6.098632813e-009	5.4370671e+011
 6.108398438e-009	5.55481301e+011
 6.118164063e-009	5.673439724e+011
 6.127929688e-009	5.792894812e+011
 6.137695313e-009	5.913144852e+011
 6.147460937e-009	6.034144625e+011
 6.157226562e-009	6.155850875e+011
 6.166992188e-009	6.278223626e+011
 6.176757813e-009	6.401217659e+011
 6.186523438e-009	6.524783821e+011
 6.196289063e-009	6.648873615e+011
 6.206054688e-009	6.773444444e+011
 6.215820313e-009	6.898445189e+011
 6.225585938e-009	7.023824077e+011
 6.235351562e-009	7.149537198e+011
 6.245117187e-009	7.275531469e+011
 6.254882813e-009	7.401757737e+011
 6.264648438e-009	7.528158986e+011
 6.274414063e-009	7.654691308e+011
 6.284179688e-009	7.781297029e+011
 6.293945313e-009	7.907924378e+011
 6.303710938e-009	8.034517647e+011
 6.313476562e-009	8.161027031e+011
 6.323242187e-009	8.287394857e+011
 6.333007812e-009	8.413571318e+011
 6.342773438e-009	8.539499397e+011
 6.352539063e-009	8.665126011e+011
 6.362304688e-009	8.790402007e+011
 6.372070313e-009	8.915270369e+011
 6.381835938e-009	9.039673426e+011
 6.391601563e-009	9.163572511e+011
 6.401367187e-009	9.286890291e+011
 6.411132812e-009	9.409584169e+011
 6.420898437e-009	9.531620721e+011
 6.430664063e-009	9.65292458e+011
 6.440429688e-009	9.773454459e+011
 6.450195313e-009	9.89315924e+011
 6.459960938e-009	1.001198322e+012
 6.469726563e-009	1.012988183e+012
 6.479492188e-009	1.024680919e+012
 6.489257812e-009	1.036271485e+012
 6.499023437e-009	1.047755751e+012
 6.508789063e-009	1.059127034e+012
 6.518554688e-009	1.070383497e+012
 6.528320313e-009	1.081519899e+012
 6.538085938e-009	1.092531257e+012
 6.547851563e-009	1.103413903e+012
 6.557617188e-009	1.114163773e+012
 6.567382813e-009	1.124776673e+012
 6.577148437e-009	1.135249457e+012
 6.586914062e-009	1.145577538e+012
 6.596679688e-009	1.155757113e+012
 6.606445313e-009	1.165786612e+012
 6.616210938e-009	1.175660921e+012
 6.625976563e-009	1.185377812e+012
 6.635742188e-009	1.19493283e+012
 6.645507813e-009	1.204325319e+012
 6.655273438e-009	1.213550297e+012
 6.665039062e-009	1.22260711e+012
 6.674804687e-009	1.231491826e+012
 6.684570313e-009	1.240202478e+012
 6.694335938e-009	1.248738804e+012
 6.704101563e-009	1.257095299e+012
 6.713867188e-009	1.265272095e+012
 6.723632813e-009	1.273267356e+012
 6.733398438e-009	1.281079509e+012
 6.743164063e-009	1.288706195e+012
 6.752929687e-009	1.29614807e+012
 6.762695312e-009	1.303401857e+012
 6.772460938e-009	1.310467686e+012
 6.782226563e-009	1.317343724e+012
 6.791992188e-009	1.324030755e+012
 6.801757813e-009	1.330526683e+012
 6.811523438e-009	1.336833081e+012
 6.821289063e-009	1.342946935e+012
 6.831054687e-009	1.348868899e+012
 6.840820312e-009	1.354600546e+012
 6.850585937e-009	1.360140829e+012
 6.860351563e-009	1.365489353e+012
 6.870117188e-009	1.370647036e+012
 6.879882813e-009	1.375614403e+012
 6.889648438e-009	1.380389618e+012
 6.899414063e-009	1.384978317e+012
 6.909179688e-009	1.389376569e+012
 6.918945312e-009	1.39358883e+012
 6.928710937e-009	1.397612741e+012
 6.938476562e-009	1.401451184e+012
 6.948242188e-009	1.405104554e+012
 6.958007813e-009	1.408574423e+012
 6.967773438e-009	1.411863413e+012
 6.977539063e-009	1.414971523e+012
 6.987304688e-009	1.417901113e+012
 6.997070313e-009	1.420651528e+012
 7.006835937e-009	1.423227093e+012
 7.016601562e-009	1.42562807e+012
 7.026367188e-009	1.427857474e+012
 7.036132813e-009	1.429915566e+012
 7.045898438e-009	1.431806673e+012
 7.055664063e-009	1.433528828e+012
 7.065429688e-009	1.435086881e+012
 7.075195313e-009	1.436482535e+012
 7.084960938e-009	1.43771802e+012
 7.094726562e-009	1.438795825e+012
 7.104492187e-009	1.439716606e+012
 7.114257813e-009	1.440484426e+012
 7.124023438e-009	1.441099547e+012
 7.133789063e-009	1.441565508e+012
 7.143554688e-009	1.441885979e+012
 7.153320313e-009	1.442059256e+012
 7.163085938e-009	1.442092548e+012
 7.172851563e-009	1.441985855e+012
 7.182617187e-009	1.441740489e+012
 7.192382812e-009	1.441360642e+012
 7.202148438e-009	1.440848413e+012
 7.211914063e-009	1.440204587e+012
 7.221679688e-009	1.439434015e+012
 7.231445313e-009	1.438537482e+012
 7.241210938e-009	1.437518004e+012
 7.250976563e-009	1.436377547e+012
 7.260742188e-009	1.435119124e+012
 7.270507812e-009	1.433744441e+012
 7.280273437e-009	1.432255857e+012
 7.290039063e-009	1.430655861e+012
 7.299804688e-009	1.428948648e+012
 7.309570313e-009	1.42713317e+012
 7.319335938e-009	1.425213882e+012
 7.329101563e-009	1.423191835e+012
 7.338867188e-009	1.421070565e+012
 7.348632813e-009	1.418852041e+012
 7.358398437e-009	1.416537571e+012
 7.368164062e-009	1.414130434e+012
 7.377929688e-009	1.411631415e+012
 7.387695313e-009	1.409043137e+012
 7.397460938e-009	1.406368612e+012
 7.407226563e-009	1.403607843e+012
 7.416992188e-009	1.400764105e+012
 7.426757813e-009	1.397839233e+012
 7.436523437e-009	1.394835194e+012
 7.446289062e-009	1.391752905e+012
 7.456054688e-009	1.38859407e+012
 7.465820313e-009	1.385360523e+012
 7.475585938e-009	1.382055936e+012
 7.485351563e-009	1.378680308e+012
 7.495117188e-009	1.375233901e+012
 7.504882813e-009	1.371719467e+012
 7.514648438e-009	1.368138187e+012
 7.524414062e-009	1.364491502e+012
 7.534179687e-009	1.36078046e+012
 7.543945312e-009	1.357007028e+012
 7.553710937e-009	1.353169895e+012
 7.563476562e-009	1.349273518e+012
 7.573242187e-009	1.345315275e+012
 7.583007812e-009	1.341298049e+012
 7.592773438e-009	1.337222889e+012
 7.602539063e-009	1.333088616e+012
 7.612304688e-009	1.328898114e+012
 7.622070313e-009	1.32464889e+012
 7.631835938e-009	1.320343831e+012
 7.641601563e-009	1.315982017e+012
 7.651367188e-009	1.311564235e+012
 7.661132813e-009	1.307089306e+012
 7.670898438e-009	1.302556967e+012
 7.680664063e-009	1.297968136e+012
 7.690429688e-009	1.293322027e+012
 7.700195312e-009	1.288617066e+012
 7.709960937e-009	1.283853517e+012
 7.719726562e-009	1.279029412e+012
 7.729492187e-009	1.274145407e+012
 7.739257812e-009	1.269198619e+012
 7.749023437e-009	1.264187081e+012
 7.758789063e-009	1.259110138e+012
 7.768554688e-009	1.25396661e+012
 7.778320313e-009	1.248752566e+012
 7.788085938e-009	1.243467219e+012
 7.797851563e-009	1.238105719e+012
 7.807617188e-009	1.232667017e+012
 7.817382813e-009	1.227147444e+012
 7.827148438e-009	1.221542937e+012
 7.836914063e-009	1.21585048e+012
 7.846679688e-009	1.210064699e+012
 7.856445313e-009	1.204182188e+012
 7.866210938e-009	1.198195999e+012
 7.875976562e-009	1.192103248e+012
 7.885742187e-009	1.185896464e+012
 7.895507812e-009	1.179570012e+012
 7.905273437e-009	1.173116158e+012
 7.915039062e-009	1.166529004e+012
 7.924804687e-009	1.159798587e+012
 7.934570313e-009	1.152917701e+012
 7.944335938e-009	1.145877168e+012
 7.954101563e-009	1.13866598e+012
 7.963867188e-009	1.131274568e+012
 7.973632813e-009	1.123689955e+012
 7.983398438e-009	1.115901526e+012
 7.993164063e-009	1.107895517e+012
 8.002929688e-009	1.099656069e+012
 8.012695313e-009	1.091169288e+012
 8.022460938e-009	1.082417152e+012
 8.032226563e-009	1.073384391e+012
 8.041992187e-009	1.064049574e+012
 8.051757812e-009	1.054392844e+012
 8.061523437e-009	1.044392182e+012
 8.071289062e-009	1.034023404e+012
 8.081054687e-009	1.02326023e+012
 8.090820312e-009	1.012075659e+012
 8.100585937e-009	1.000440857e+012
 8.110351563e-009	9.883223327e+011
 8.120117188e-009	9.756850913e+011
 8.129882813e-009	9.624923013e+011
 8.139648438e-009	9.487039201e+011
 8.149414063e-009	9.342756454e+011
 8.159179688e-009	9.191603569e+011
 8.168945313e-009	9.033066086e+011
 8.178710938e-009	8.866594161e+011
 8.188476563e-009	8.691577651e+011
 8.198242188e-009	8.507370373e+011
 8.208007813e-009	8.313252741e+011
 8.217773437e-009	8.108446188e+011
 8.227539062e-009	7.892124303e+011
 8.237304687e-009	7.663349268e+011
 8.247070312e-009	7.421118382e+011
 8.256835937e-009	7.164324086e+011
 8.266601562e-009	6.891763794e+011
 8.276367188e-009	6.602119578e+011
 8.286132813e-009	6.293981102e+011
 8.295898438e-009	5.965857423e+011
 8.305664063e-009	5.616259564e+011
 8.315429688e-009	5.243858452e+011
 8.325195313e-009	4.847798518e+011
 8.334960938e-009	4.428140708e+011
 8.344726563e-009	3.98652244e+011
 8.354492188e-009	3.526895534e+011
 8.364257813e-009	3.056142909e+011
 8.374023438e-009	2.584365629e+011
 8.383789063e-009	2.124475597e+011
 8.393554687e-009	1.690975273e+011
 8.403320312e-009	1.29803223e+011
 8.413085937e-009	9.572447846e+010
 8.422851562e-009	6.757166285e+010
 8.432617187e-009	4.55029801e+010
 8.442382812e-009	2.914124186e+010
 8.452148438e-009	1.769944474e+010
 8.461914063e-009	1.016973107e+010
 8.471679688e-009	5515359232
 8.481445313e-009	2817248512
 8.491210938e-009	1352386688
 8.500976563e-009	608411968
 8.510742188e-009	255373968
 8.520507813e-009	99104704
 8.530273438e-009	34795956
 8.540039063e-009	10417175
 8.549804688e-009	2167230.5
 8.559570312e-009	0
 8.569335937e-009	0
 8.579101562e-009	0
 8.588867187e-009	0
 8.598632812e-009	0
 8.608398437e-009	0
 8.618164062e-009	0
 8.627929688e-009	0
 8.637695313e-009	0
 8.647460938e-009	0
 8.657226563e-009	0
 8.666992188e-009	0
 8.676757813e-009	0
 8.686523438e-009	0
 8.696289063e-009	0
 8.706054688e-009	0
 8.715820313e-009	0
 8.725585938e-009	0
 8.735351562e-009	0
 8.745117187e-009	0
 8.754882812e-009	0
 8.764648437e-009	0
 8.774414062e-009	0
 8.784179687e-009	0
 8.793945313e-009	0
 8.803710938e-009	0
 8.813476563e-009	0
 8.823242188e-009	0
 8.833007813e-009	0
 8.842773438e-009	0
 8.852539063e-009	0
 8.862304688e-009	0
 8.872070313e-009	0
 8.881835938e-009	0
 8.891601563e-009	0
 8.901367188e-009	0
 8.911132812e-009	0
 8.920898437e-009	0
 8.930664062e-009	0
 8.940429687e-009	0
 8.950195312e-009	0
 8.959960937e-009	0
 8.969726563e-009	0
 8.979492188e-009	0
 8.989257813e-009	0
 8.999023438e-009	0
 9.008789063e-009	0
 9.018554688e-009	0
 9.028320313e-009	0
 9.038085938e-009	0
 9.047851563e-009	0
 9.057617188e-009	0
 9.067382813e-009	0
 9.077148437e-009	0
 9.086914062e-009	0
 9.096679687e-009	0
 9.106445312e-009	0
 9.116210937e-009	0
 9.125976562e-009	0
 9.135742187e-009	0
 9.145507813e-009	0
 9.155273438e-009	0
 9.165039063e-009	0
 9.174804688e-009	0
 9.184570313e-009	0
 9.194335938e-009	0
 9.204101563e-009	0
 9.213867188e-009	0
 9.223632813e-009	0
 9.233398438e-009	0
 9.243164063e-009	0
 9.252929687e-009	0
 9.262695312e-009	0
 9.272460937e-009	0
 9.282226562e-009	0
 9.291992187e-009	0
 9.301757812e-009	0
 9.311523438e-009	0
 9.321289063e-009	0
 9.331054688e-009	0
 9.340820313e-009	0
 9.350585938e-009	0
 9.360351563e-009	0
 9.370117188e-009	0
 9.379882813e-009	0
 9.389648438e-009	0
 9.399414063e-009	0
 9.409179688e-009	0
 9.418945313e-009	0
 9.428710937e-009	0
 9.438476562e-009	0
 9.448242187e-009	0
 9.458007812e-009	0
 9.467773437e-009	0
 9.477539062e-009	0
 9.487304688e-009	0
 9.497070313e-009	0
 9.506835938e-009	0
 9.516601563e-009	0
 9.526367188e-009	0
 9.536132813e-009	0
 9.545898438e-009	0
 9.555664063e-009	0
 9.565429688e-009	0
 9.575195313e-009	0
 9.584960938e-009	0
 9.594726563e-009	0
 9.604492187e-009	0
 9.614257812e-009	0
 9.624023437e-009	0
 9.633789062e-009	0
 9.643554687e-009	0
 9.653320312e-009	0
 9.663085938e-009	0
 9.672851563e-009	0
 9.682617188e-009	0
 9.692382813e-009	0
 9.702148438e-009	0
 9.711914063e-009	0
 9.721679688e-009	0
 9.731445313e-009	0
 9.741210938e-009	0
 9.750976563e-009	0
 9.760742188e-009	0
 9.770507812e-009	0
 9.780273437e-009	0
 9.790039062e-009	0
 9.799804687e-009	0
 9.809570312e-009	0
 9.819335937e-009	0
 9.829101563e-009	0
 9.838867188e-009	0
 9.848632813e-009	0
 9.858398438e-009	0
 9.868164063e-009	0
 9.877929688e-009	0
 9.887695313e-009	0
 9.897460938e-009	0
 9.907226563e-009	0
 9.916992188e-009	0
 9.926757813e-009	0
 9.936523438e-009	0
 9.946289062e-009	0
 9.956054687e-009	0
 9.965820312e-009	0
 9.975585937e-009	0
 9.985351562e-009	0
 9.995117187e-009	0